1 0 0
2 0 0
3 0 0
4 1 0
5 1 0
6 1 0
7 1 0
8 2 0
9 3 0
10 5 0
11 5 0
12 6 0
13 6 0
14 7 0
15 7 0
16 8 0
17 8 0
18 9 0
19 9 0
20 10 0
21 11 0
22 12 0
23 13 0
24 14 0
25 15 0
26 16 0
27 17 0
28 17 0
29 17 0
30 18 0
31 19 0
32 19 0
33 19 0
34 20 0
35 20 0
36 21 0
37 21 0
38 22 0
39 22 0
40 23 0
41 23 0
42 24 0
43 24 0
44 25 0
45 25 0
46 26 0
47 26 0
48 27 0
49 27 0
50 28 0
51 28 0
52 29 0
53 29 0
54 30 0
55 30 0
56 31 0
57 31 0
58 32 0
59 32 0
60 33 0
61 33 0
62 34 0
63 35 0
64 35 0
65 35 0
66 36 0
67 37 0
68 37 0
69 37 0
70 38 0
71 38 0
72 38 0
73 39 0
74 40 0
75 40 0
76 40 0
77 41 0
78 42 0
79 42 0
80 42 0
81 43 0
82 44 0
83 44 0
84 44 0
85 45 0
86 46 0
87 46 0
88 46 0
89 47 0
90 49 0
91 50 0
92 51 0
93 52 0
94 53 0
95 54 0
96 54 0
97 54 0
98 55 0
99 56 0
100 58 0
101 59 0
102 60 0
103 61 0
104 62 0
105 62 0
106 63 0
107 63 0
108 64 0
109 64 0
110 65 0
111 65 0
112 66 0
113 66 0
114 67 0
115 67 0
116 68 0
117 68 0
118 69 0
119 69 0
120 70 0
121 70 0
122 71 0
123 72 0
124 72 0
125 73 0
126 73 0
127 74 0
128 74 0
129 75 0
130 76 0
131 76 0
132 77 0
133 77 0
134 78 0
135 78 0
136 79 0
137 79 0
138 80 0
139 81 0
140 81 0
141 82 0
142 82 0
143 83 0
144 83 0
145 84 0
146 85 0
147 85 0
148 86 0
149 86 0
150 87 0
151 87 0
152 88 0
153 88 0
154 89 0
155 89 0
156 90 0
157 90 0
158 91 0
159 91 0
160 92 0
161 92 0
162 93 0
163 93 0
164 94 0
165 94 0
166 95 0
167 95 0
168 96 0
169 96 0
170 97 0
171 97 0
172 98 0
173 98 0
174 99 0
175 99 0
176 100 0
177 100 0
178 101 0
179 101 0
180 102 0
181 102 0
182 103 0
183 103 0
184 104 0
185 104 0
186 104 0
187 105 0
188 106 0
189 107 0
190 109 0
191 110 0
192 111 0
193 112 0
194 112 0
195 112 0
196 113 0
197 114 0
198 115 0
199 116 0
200 118 0
201 119 0
202 120 0
203 121 0
204 122 0
205 123 0
206 124 0
207 125 0
208 126 0
209 126 0
210 126 0
211 127 0
212 128 0
213 129 0
214 130 0
215 131 0
216 132 0
217 133 0
218 133 0
219 133 0
220 134 0
221 135 0
222 136 0
223 137 0
224 138 0
225 139 0
226 140 0
227 140 0
228 140 0
229 141 0
230 142 0
231 143 0
232 144 0
233 145 0
234 146 0
235 147 0
236 147 0
237 147 0
238 148 0
239 149 0
240 150 0
241 151 0
242 152 0
243 153 0
244 154 0
245 155 0
246 155 0
247 155 0
248 156 0
249 157 0
250 157 0
251 157 0
252 158 0
253 159 0
254 159 0
255 160 0
256 161 0
257 161 0
258 162 0
259 162 0
260 162 0
261 163 0
262 164 0
263 164 0
264 165 0
265 166 0
266 167 0
267 168 0
268 169 0
269 170 0
270 171 0
271 172 0
272 173 0
273 173 0
274 173 0
275 174 0
276 175 0
277 175 0
278 175 0
279 176 0
280 177 0
281 177 0
282 178 0
283 179 0
284 179 0
285 180 0
286 180 0
287 180 0
288 181 0
289 182 0
290 182 0
291 183 0
292 184 0
293 184 0
294 185 0
295 185 0
296 186 0
297 186 0
298 187 0
299 187 0
300 188 0
301 188 0
302 189 0
303 190 0
304 190 0
305 191 0
306 191 0
307 192 0
308 192 0
309 193 0
310 193 0
311 194 0
312 194 0
313 195 0
314 195 0
315 196 0
316 196 0
317 197 0
318 198 0
319 198 0
320 199 0
321 199 0
322 200 0
323 200 0
324 201 0
325 201 0
326 202 0
327 202 0
328 203 0
329 204 0
330 204 0
331 205 0
332 205 0
333 206 0
334 206 0
335 207 0
336 207 0
337 208 0
338 208 0
339 209 0
340 209 0
341 210 0
342 210 0
343 211 0
344 211 0
345 212 0
346 213 0
347 213 0
348 214 0
349 214 0
350 215 0
351 215 0
352 216 0
353 216 0
354 217 0
355 217 0
356 218 0
357 218 0
358 219 0
359 219 0
360 220 0
361 221 0
362 221 0
363 222 0
364 222 0
365 223 0
366 224 0
367 224 0
368 225 0
369 225 0
370 226 0
371 226 0
372 227 0
373 227 0
374 228 0
375 228 0
376 229 0
377 230 0
378 230 0
379 231 0
380 232 0
381 232 0
382 233 0
383 233 0
384 234 0
385 234 0
386 235 0
387 235 0
388 236 0
389 236 0
390 237 0
391 237 0
392 238 0
393 238 0
394 239 0
395 239 0
396 240 0
397 240 0
398 241 0
399 242 0
400 242 0
401 243 0
402 243 0
403 244 0
404 244 0
405 245 0
406 245 0
407 246 0
408 246 0
409 247 0
410 247 0
411 248 0
412 248 0
413 249 0
414 249 0
415 250 0
416 250 0
417 251 0
418 251 0
419 252 0
420 252 0
421 253 0
422 253 0
423 254 0
424 254 0
425 255 0
426 255 0
427 256 0
428 256 0
429 257 0
430 257 0
431 258 0
432 258 0
433 259 0
434 259 0
435 260 0
436 261 0
437 261 0
438 262 0
439 262 0
440 263 0
441 264 0
442 264 0
443 265 0
444 265 0
445 266 0
446 266 0
447 267 0
448 267 0
449 268 0
450 268 0
451 269 0
452 269 0
453 270 0
454 271 0
455 271 0
456 272 0
457 272 0
458 273 0
459 273 0
460 274 0
461 274 0
462 275 0
463 275 0
464 276 0
465 276 0
466 277 0
467 277 0
468 278 0
469 278 0
470 279 0
471 279 0
472 280 0
473 280 0
474 281 0
475 281 0
476 282 0
477 282 0
478 283 0
479 283 0
480 284 0
481 284 0
482 285 0
483 285 0
484 286 0
485 287 0
486 287 0
487 288 0
488 288 0
489 289 0
490 289 0
491 290 0
492 291 0
493 291 0
494 292 0
495 293 0
496 294 0
497 295 0
498 296 0
499 297 0
500 298 0
501 299 0
502 299 0
503 299 0
504 300 0
505 301 0
506 301 0
507 302 0
508 303 0
509 304 0
510 304 0
511 304 0
512 305 0
513 305 0
514 306 0
515 307 0
516 307 0
517 307 0
518 308 0
519 309 0
520 310 0
521 311 0
522 312 0
523 313 0
524 314 0
525 315 0
526 316 0
527 316 0
528 316 0
529 317 0
530 318 0
531 319 0
532 319 0
533 320 0
534 321 0
535 321 0
536 321 0
537 322 0
538 322 0
539 323 0
540 324 0
541 324 0
542 324 0
543 325 0
544 326 0
545 327 0
546 327 0
547 327 0
548 328 0
549 329 0
550 329 0
551 329 0
552 330 0
553 331 0
554 331 0
555 331 0
556 332 0
557 333 0
558 333 0
559 334 0
560 335 0
561 335 0
562 335 0
563 336 0
564 337 0
565 339 0
566 340 0
567 341 0
568 342 0
569 343 0
570 344 0
571 344 0
572 344 0
573 345 0
574 346 0
575 346 0
576 346 0
577 347 0
578 348 0
579 348 0
580 349 0
581 350 0
582 350 0
583 350 0
584 351 0
585 352 0
586 352 0
587 352 0
588 353 0
589 354 0
590 355 0
591 356 0
